260 457.562592130085
36 347.34823154903535
261 633.5387311251918
27 684.8520539113329
51 1477.742652329753
60 921.3858517764364
48 433.6036812626586
55 1908.6527547419225
241 389.9372435543612
76 1640.1900218765777
252 111.30391173971393
82 1185.276462358845
97 753.3730641067841
230 48.26871188550987
370 1286.2649715428154
31 190.941816902573
58 820.6925871592555
237 28.125243331267967
343 593.1828958697021
255 574.2248218665497
322 53.83238843666577
266 0.0
361 906.8616805507884
195 0.0
221 0.0
369 0.0
234 46.55339739385926
40 568.0651600094399
231 319.4603960339166
19 296.7614586145971
46 0.0
122 145.76756191045516
140 545.1324787202324
264 166.03865616291688
214 212.59205355677614
233 459.690364656917
342 262.94395951410405
194 955.3686851954816
210 372.30636539697974
147 1207.2737231319377
328 611.4180470197498
35 408.0869937786951
215 128.44610124193986
296 1525.4790381864445
217 784.8615469905901
28 567.0609321748672
47 323.0432032125769
200 506.1337133745516
131 0.0
26 930.726205556733
105 1481.072454860315
155 486.6380170908802
102 541.4552747679261
326 0.0
295 617.0981140866066
13 444.13736234773506
270 509.3155129806879
180 0.0
258 180.90628991162072
84 1807.263457921015
173 9.962893209196377
243 199.14276169961082
77 346.99037475426866
1 422.1654090227569
25 565.4264981104383
79 1098.8096237100021
235 826.7238506675816
311 0.0
359 633.5387311251918
42 296.74005200903247
318 1576.73741032035
279 0.0
90 289.7774852452038
196 488.17927016847347
88 470.22143324131133
267 638.2870700843741
81 1384.9489584168286
257 0.0
199 1486.2293551857308
280 682.3069919087468
2 468.6353540756097
123 0.0
178 0.0
188 510.5838471400144
310 0.0
316 395.96702422040084
39 749.107143142458
312 978.197547355963
9 1543.8826670505757
87 1011.4429004023584
247 0.0
220 291.64636721466724
354 815.4296196829132
21 1681.0819692242708
20 1337.6598451550449
245 511.4589001622472
3 1165.5468878022825
144 1739.499528603187
229 47.70241765662409
254 284.7387626448414
209 584.1912164775589
285 217.50782839916053
52 1416.962005415803
65 803.6620080657875
222 145.76756191045516
10 684.8520539113329
115 1418.5319698050098
138 0.0
116 803.6620080657875
73 1928.1919833660943
198 647.298846357984
225 1181.212297136008
275 209.73597248169648
68 700.5096270437735
271 1254.2766623006398
303 1327.9320617503142
104 1484.5631148741545
224 0.0
110 0.0
101 1423.1307323547137
239 156.97842504449096
125 123.74278758399788
288 0.0
291 87.8363920175079
175 955.3686851954816
278 731.2005663612298
300 0.0
363 835.3328007353506
228 0.0
177 213.12499385460927
181 359.15428601440766
145 636.0786099574132
156 557.2109395631671
157 256.80708488035816
83 789.6063887751388
120 376.8429099905244
45 751.6102134879103
213 899.643861666298
33 666.6795225195724
96 175.01584578193967
182 1805.6833209269148
143 0.0
337 205.59971278211515
371 0.0
7 243.162736968535
162 406.0268221843089
330 364.87911976637935
63 572.9187320476723
290 346.25868039037107
12 85.0964761753678
341 276.03829307794086
41 2011.9994783547588
207 0.0
357 1299.4180720925565
339 887.0487099845562
163 692.3141562713547
187 654.2171505872574
216 742.5614443349206
294 1933.6077611814285
211 686.8028464641906
302 312.5175114418512
54 172.3785105635415
345 0.0
117 1174.5370459426836
59 557.1635910329254
121 145.81897554477416
152 724.2987580710413
166 641.4598237574002
240 572.9986445107629
24 0.0
8 96.79114403482859
340 0.0
344 1291.1064568433453
190 756.3168075848977
276 162.8500633402914
158 395.96702422040084
197 548.8749127440684
4 312.9110979669813
71 0.0
269 927.7577730980604
349 541.4552747679261
268 0.0
109 598.0031905112405
327 167.40681320426117
17 698.3123420475587
106 570.083518921928
274 52.47960157809402
85 0.0
18 1253.2095084244684
56 194.39927392474306
204 76.61813699402187
98 453.86665580753015
238 1034.2825434414563
366 1129.543387961504
287 87.8363920175079
133 513.9871819642567
189 140.03444098583444
30 202.6507034261161
298 0.0
139 28.125243331267967
372 1005.3885636621302
191 1240.5212990506616
151 499.2989063382721
107 0.0
32 663.9527326116465
304 845.7469104060757
129 724.8041304421959
301 582.0700448407962
118 505.0873840010254
205 0.0
277 319.1042313915879
132 828.8691686174817
159 648.8797191902872
62 517.0072353889643
66 108.4411798862838
212 606.4242524943451
249 121.98671826634094
11 581.6964461862456
164 557.2109395631671
223 257.43839013832064
141 0.0
351 698.3123420475587
362 1210.484931806088
148 845.7469104060757
201 486.69439302338253
352 256.80708488035816
313 0.0
317 535.5832985144856
14 199.1403037572218
64 0.0
293 1467.9665027361489
332 1227.7687391284671
193 955.3686851954816
256 638.2870700843741
15 840.6469153258082
50 230.48379551463324
44 740.2419459145203
134 826.7238506675816
331 0.0
53 514.38476934942
218 684.8520539113329
74 118.48320803274349
281 990.8127512303487
321 1664.117600038724
38 893.7629279063646
346 818.3321927955908
142 579.7714273806674
92 551.1711909853228
49 593.1828958697021
251 1098.3409784556636
242 504.78241965662016
0 156.97842504449096
95 879.4890612125505
57 1033.3918721236007
305 1195.6681952036488
360 1477.742652329753
284 364.87911976637935
6 96.6055381248919
358 237.85426999586997
80 449.69177178919534
356 465.72121977450297
100 105.41965838479537
206 0.0
306 386.02484940377695
149 581.2763940650964
136 52.47960157809402
172 127.07390147495497
167 1156.863727466888
185 1550.0254667840986
208 0.0
232 52.47960157809402
315 1181.212297136008
127 0.0
309 545.0667617540055
130 818.3321927955908
154 240.17096236644846
75 599.1243112394878
170 376.22500615210515
248 395.99547335708206
335 858.3387951017821
273 256.80708488035816
226 0.0
336 1505.8657649802053
324 1403.484891787284
37 310.5778403120852
113 204.8554439732993
171 331.4262203704422
161 535.5832985144856
203 0.0
86 815.4296196829132
94 664.6917162393927
169 1506.6560793736762
246 413.6641521599905
272 662.8167656438043
70 343.42212406922647
183 794.7333672766912
333 287.96850160895417
179 968.250444429966
135 1806.3980343714259
160 0.0
112 513.0290309171854
244 660.2857969903445
29 256.4830918627819
259 789.6063887751388
297 647.7809386051794
323 346.25868039037107
202 239.22017404271924
299 917.4661735823238
263 808.0708004049019
99 708.2782618512772
334 876.41344707911
338 1618.3365846082952
308 343.4802929802409
184 1340.7139304623158
353 105.41965838479537
314 919.1033222831397
165 719.3094844786658
43 61.519917745529646
93 107.15778990557828
114 503.1991335113563
286 779.1966590021053
153 2112.988822210397
69 704.1211140298527
368 444.1658430581918
111 0.0
250 395.0205171226235
108 626.1284338425086
186 1005.0323990198016
319 337.8659091222311
325 452.46259704981753
72 305.7873160614942
128 818.3321927955908
365 348.46711972876426
124 1049.2902956545895
265 46.55339739385926
89 604.391802135934
192 1227.6213709685655
236 1083.5309355479399
283 357.35357584050274
150 0.0
67 1828.2369617150391
168 554.3662423848784
282 647.7809386051794
61 572.9187320476723
103 1990.4015624803417
364 503.9065803649087
137 915.3328362936529
23 1124.5569931456587
126 520.734632849741
253 46.55339739385926
350 256.80708488035816
119 647.7809386051794
262 0.0
320 0.0
174 331.4262203704422
329 0.0
34 495.9064088812273
307 561.0406951857163
5 550.3109289500993
219 1707.0725623574633
347 726.8089794573287
355 661.1655296427392
146 871.8952436617969
22 641.4598237574002
78 283.01616624639723
227 647.9064418189616
292 708.2782618512772
367 1063.285149127098
289 346.25868039037107
16 500.4709398540803
91 710.1197451172661
176 500.9879740969636
348 1009.969292559871