0 153.49605232519028
1 430.8424065901191
2 474.5205238542288
3 1175.1076516939993
4 323.98350709661526
5 551.3736644383162
6 95.84939075222933
7 243.29687457416526
8 99.83397871106789
9 1499.2163607058872
10 684.8977552837847
11 596.4817554477547
12 88.52263123290129
13 452.1275193756921
14 200.27055935445946
15 843.8496702679997
16 502.8884399695791
17 688.337615141399
18 1187.769803396406
19 294.99321408554044
20 1302.1055372028381
21 1643.0377252398816
22 657.7381593334621
23 1102.419824372017
24 0.0
25 574.3545025652969
26 934.8299502715878
27 684.8977552837847
28 570.9393888638313
29 258.0967677164408
30 202.94506651608876
31 193.05285478599683
32 670.6449248978385
33 680.4268786335304
34 506.0482906914654
35 420.24772732818417
36 357.0461944643685
37 312.84262114739056
38 898.0169177520424
39 747.5857136230569
40 581.3015586581746
41 1970.5829357794007
42 305.72392389377944
43 63.171999647052516
44 718.6137649785387
45 763.9614285795305
46 0.0
47 314.8829164505377
48 419.3028615452916
49 597.9497357126389
50 239.23577997539508
51 1400.4176971844076
52 1356.7604609228931
53 514.5922255889553
54 172.17523250383718
55 1746.7480519610006
56 188.68819590269715
57 1032.674698232096
58 827.7178818436794
59 544.5346583692638
60 891.6780062975404
61 554.4802693683588
62 510.65675331039057
63 554.4802693683588
64 0.0
65 799.2421154534819
66 112.84044418804245
67 1667.4283857960995
68 688.8812178935684
69 677.7369662882875
70 340.9321880370433
71 0.0
72 310.3011826761602
73 1884.3497798342714
74 118.87503012271074
75 570.0444150122046
76 1604.1048602093924
77 354.67095343315043
78 292.5660812253936
79 1122.982216045779
80 458.457888067851
81 1315.7448922580425
82 1118.8904108157355
83 782.6520609676425
84 1723.7974779747788
85 0.0
86 804.8052624447474
87 982.6719091326922
88 459.7872292359615
89 601.8827579546743
90 292.1465552697858
91 708.4662406269971
92 561.7069158403344
93 111.46105324988154
94 667.6657493134614
95 891.9331393918246
96 181.8051645714136
97 762.8940980692017
98 446.54860917469375
99 667.2604018640195
100 103.73453404205372
101 1360.3122009112253
102 537.0306957367511
103 1899.8019537159691
104 1382.0810682255858
105 1493.8631211399104
106 571.5805489031243
107 0.0
108 624.6479960416208
109 595.3889930362801
110 0.0
111 0.0
112 526.2128566504564
113 196.94059450699925
114 497.8752880076067
115 1403.884023442891
116 799.2421154534819
117 1169.7160748452618
118 503.8995414532173
119 659.9013570310473
120 382.03264820888285
121 142.7705701247227
122 151.55649391994584
123 0.0
124 1034.7785880117356
125 120.8249428907504
126 532.2656398699016
127 0.0
128 823.72384583157
129 725.2440967118657
130 823.72384583157
131 0.0
132 829.2210478879995
133 519.8197467526692
134 774.9940132527311
135 1715.7058564960294
136 54.115267565676504
137 906.0087354352852
138 0.0
139 29.259003005341306
140 539.915756315732
141 0.0
142 586.9083383731986
143 0.0
144 1655.4963626091017
145 636.2100190080122
146 830.8740167914222
147 1145.6614414838245
148 843.846668720423
149 582.353978132533
150 0.0
151 503.28152746699703
152 726.03147674715
153 2022.2406696870378
154 249.1374260100987
155 480.6423907444131
156 575.2732326768332
157 249.84248534034282
158 404.3665953924169
159 638.7681817772306
160 0.0
161 534.6132268109274
162 415.77142929006766
163 708.250464983643
164 575.2732326768332
165 733.0901783950362
166 657.7381593334621
167 1060.8640939337395
168 556.1886423507055
169 1483.3709504227118
170 380.4880892886788
171 336.12709217464067
172 125.90617825969822
173 10.360116988076912
174 336.12709217464067
175 924.8156237576978
176 511.71133509475044
177 219.38834888785127
178 0.0
179 982.5400754946577
180 0.0
181 368.1823961899165
182 1729.5632682985197
183 759.7122020162518
184 1271.193464696995
185 1490.6901568971405
186 1000.7013406975198
187 667.7339195202283
188 524.8141118243466
189 140.76616788506237
190 760.6849623549688
191 1232.2217539331127
192 1199.3114646948015
193 924.8156237576978
194 924.8156237576978
195 0.0
196 478.290072983406
197 549.5484191082872
198 640.3894322544179
199 1390.2224137889173
200 500.13342401116114
201 481.11246034190714
202 239.22884828498783
203 0.0
204 79.69940203646226
205 0.0
206 0.0
207 0.0
208 0.0
209 582.7984294434906
210 372.1343380835168
211 693.3307104360687
212 607.6736775574535
213 841.8319193108774
214 219.6762599718312
215 129.2351471107876
216 728.152137344451
217 792.8860120482824
218 684.8977552837847
219 1673.3781722719966
220 298.51058681432215
221 0.0
222 151.55649391994584
223 258.3231139017492
224 0.0
225 1145.124182253986
226 0.0
227 654.6665322841782
228 0.0
229 49.638911324226875
230 50.17201168269721
231 321.87881944172494
232 54.115267565676504
233 469.7929922092842
234 48.134356754525065
235 774.9940132527311
236 1024.8364985930739
237 29.259003005341306
238 995.6164763001788
239 153.49605232519028
240 581.7221567325133
241 395.63214658043876
242 515.5471643768126
243 207.0404396762593
244 668.6284369544493
245 505.2154356171184
246 401.14940474499093
247 0.0
248 395.3207838278541
249 125.32465962668375
250 385.33209368370666
251 1124.0218942737106
252 108.87694902931332
253 48.134356754525065
254 286.7632412057345
255 570.6397560168408
256 600.295692472324
257 0.0
258 181.0578794600503
259 782.6520609676425
260 458.8121898821005
261 624.3685709145511
262 0.0
263 790.9903914582234
264 171.54190321730607
265 48.134356754525065
266 0.0
267 600.295692472324
268 0.0
269 942.1051510745222
270 519.8018858801938
271 1264.7545789436301
272 677.8462369557024
273 249.84248534034282
274 54.115267565676504
275 208.68420257752217
276 168.35673266551547
277 321.91866570171584
278 726.9619619599698
279 0.0
280 671.5876050406125
281 943.149157192718
282 659.9013570310473
283 366.96018285697056
284 355.5686501367659
285 217.75689960620318
286 787.7563761570882
287 91.39361032514607
288 0.0
289 349.93524085278693
290 349.93524085278693
291 91.39361032514607
292 667.2604018640195
293 1355.5366878124537
294 1773.9452878093061
295 629.9394304388844
296 1475.8650507197156
297 659.9013570310473
298 0.0
299 890.7261113043536
300 0.0
301 594.9367601359893
302 316.39422724509
303 1214.7705199273912
304 843.846668720423
305 1140.0897516997172
306 381.19168644277175
307 562.9968510141852
308 339.6976899101109
309 525.8864441314698
310 0.0
311 0.0
312 932.6449939854149
313 0.0
314 888.377542002787
315 1145.124182253986
316 404.3665953924169
317 534.6132268109274
318 1498.6525489709773
319 350.1618972369291
320 0.0
321 1634.8287027855677
322 55.15170120035204
323 349.93524085278693
324 1339.6021829543192
325 458.8151914296767
326 0.0
327 173.37530749621803
328 616.4277818364145
329 0.0
330 355.5686501367659
331 0.0
332 1215.1885142354356
333 285.6356808012696
334 879.178645906906
335 874.4715344232269
336 1470.44951176824
337 210.2006843448239
338 1574.2451294711682
339 887.1902630922552
340 0.0
341 281.5754860188983
342 267.97598764734215
343 597.9497357126389
344 1280.9575155762386
345 0.0
346 823.72384583157
347 729.779816754512
348 1002.3267430313809
349 537.0306957367511
350 249.84248534034282
351 688.337615141399
352 249.84248534034282
353 103.73453404205372
354 804.8052624447474
355 671.077571266221
356 475.8702856380773
357 1298.9593780613732
358 241.42179009548974
359 624.3685709145511
360 1400.4176971844076
361 881.206987381201
362 1170.1222191134373
363 847.3095950928845
364 511.18250291824415
365 337.19773692918176
366 1131.3326900446539
367 1033.4966814290772
368 444.4789085689024
369 0.0
370 1247.2466564343074
371 0.0
372 1000.6614944375285