260 479.53596957789733 
36 351.7543223063708 
261 666.4129694472672 
27 691.9560636258599 
51 1602.9586548542838 
60 1145.4342438944982 
48 464.15530335189146 
55 2219.9624108219527 
241 394.8030220762327 
76 1707.817634404166 
252 127.37017181509702 
82 1190.3538123367048 
97 771.799178146259 
230 48.26871188550987 
370 1568.3244938347566 
31 190.88510395177212 
58 818.6166483931565 
237 28.125243331267967 
343 608.3933885305629 
255 590.9266211011742 
322 69.28671491107853 
266 184.51056407347724 
361 990.0555727657836 
195 0.0 
221 0.0 
369 0.0 
234 62.4999590108001 
40 574.5000571742856 
231 319.9437244084374 
19 313.0337170050778 
46 0.0 
122 147.60158385986793 
140 623.8363630323229 
264 166.03865616291688 
214 397.1026176302534 
233 471.75743329468645 
342 268.50817889502935 
194 1205.4358637981281 
210 395.13659379737766 
147 1150.3717827930184 
328 629.5056066525904 
35 411.3007590179971 
215 131.44594749433142 
296 1701.8238752332472 
217 787.2521403674118 
28 604.8769833949704 
47 332.3005431936192 
200 521.4260366163727 
131 0.0 
26 940.9338794668245 
105 1477.2739271285566 
155 573.6247955884103 
102 616.6191928628995 
326 0.0 
295 696.1993281596691 
13 460.7106729939822 
270 708.1197652824907 
180 0.0 
258 242.14768460789597 
84 2187.19662045183 
173 11.607883860194107 
243 199.32012514689828 
77 346.99037475426866 
1 435.235616005288 
25 582.5914519632814 
79 1104.758328366225 
235 764.4949343643856 
311 0.0 
359 666.4129694472672 
42 297.0555099269582 
318 1851.3865194802463 
279 2.259647362490085 
90 300.60418876279186 
196 539.8773857951297 
88 522.9983085236678 
267 720.7992600859326 
81 1504.8226350376208 
257 5.726860538941649 
199 1842.2297230836816 
280 738.6069295826445 
2 495.5414055911314 
123 0.0 
178 0.0 
188 514.4180092086175 
310 0.0 
316 398.9303960246522 
39 768.8659031507477 
312 1147.4829789216326 
9 1565.9205258440766 
87 1039.5252374381364 
247 0.0 
220 292.9024197714931 
354 933.599612009498 
21 1737.8787505573334 
20 1498.4700673042078 
245 527.936730999377 
3 1187.437174969074 
144 1896.7608746613648 
229 48.89474317465745 
254 282.6709083896078 
209 628.2114752195903 
285 240.47947743574662 
52 1520.219970453727 
65 804.5370642589318 
222 147.60158385986793 
10 690.1220416764471 
115 1429.7173583045742 
138 0.0 
116 808.5314818841292 
73 2008.883605212486 
198 661.5344190425448 
225 1314.2682396821508 
275 210.584395363583 
68 814.2093251498816 
271 1277.7157795835624 
303 1548.1859495051046 
104 1822.2366139631683 
224 0.0 
110 0.0 
101 1438.3633592121455 
239 176.6284258199586 
125 129.14069649906224 
288 0.0 
291 87.8363920175079 
175 1184.3124744696884 
278 783.2921556159007 
300 0.0 
363 863.2998474838599 
228 0.0 
177 213.76903322969153 
181 376.4710150819879 
145 660.7473011065168 
156 612.8927626386533 
157 289.409431798412 
83 822.4719885307111 
120 377.1603369443264 
45 792.8154333143443 
213 1047.482890527402 
33 673.0049037593379 
96 175.01584578193967 
182 1880.218111277914 
143 0.0 
337 214.8443539843918 
371 0.0 
7 258.305851357542 
162 408.504790424686 
330 438.8368115572023 
63 702.3166782367025 
290 352.1657977628004 
12 86.1690569390247 
341 277.0541608907966 
41 2043.8694173138651 
207 0.0 
357 1315.569373933182 
339 901.6992739753994 
163 697.3259967280756 
187 666.7273177310697 
216 830.878771590031 
294 2176.325452377268 
211 722.1837588510369 
302 317.45016623889694 
54 224.2485461013868 
345 0.0 
117 1170.3518907052103 
59 619.9961332002358 
121 158.2765464882776 
152 715.1574555230632 
166 644.1296986914463 
240 589.9969200151393 
24 0.0 
8 142.5631827833062 
340 0.0 
344 1336.113188257501 
190 770.339194787933 
276 162.5753222626732 
158 398.9303960246522 
197 564.3431675429716 
4 319.3272445328374 
71 202.39918980222978 
269 952.4819680266226 
349 616.6191928628995 
268 0.0 
109 671.9608823020634 
327 171.1415298763017 
17 665.8735448732476 
106 655.5674592838768 
274 56.6829348512914 
85 3.550057643645186 
18 1335.8513628503836 
56 210.35277419191226 
204 81.16648856209117 
98 445.58610660743017 
238 1124.8157641578382 
366 1157.9206956530038 
287 96.59364408489574 
133 514.9136088448205 
189 154.3359394992711 
30 215.40578305217184 
298 0.0 
139 28.125243331267967 
372 1067.0161442553624 
191 1319.4218962258885 
151 518.5235037948468 
107 0.0 
32 688.0390135688705 
304 901.7204214005775 
129 759.3271757270553 
301 587.1442980077046 
118 522.1938712794537 
205 0.0 
277 324.34037519454233 
132 887.3722738421378 
159 705.4042006652078 
62 595.7111197010543 
66 108.4411798862838 
212 620.183596996971 
249 121.98671826634094 
11 588.7652458473433 
164 612.8927626386533 
223 257.0944875021738 
141 0.0 
351 665.8735448732476 
362 1234.0278763481012 
148 901.7204214005775 
201 505.77800796287534 
352 323.87006694248794 
313 1.834021949412735 
317 577.5560926097894 
14 215.20656383260496 
64 3.994417625197991 
293 1702.5218890043755 
332 1266.6178573947384 
193 1173.0772514559562 
256 923.1984498881608 
15 873.9886543704373 
50 230.6377713347096 
44 776.5638154539873 
134 970.128887766302 
331 0.0 
53 525.9184333801288 
218 694.1164593016446 
74 117.74120156778218 
281 1121.7651170435124 
321 1760.2024412935168 
38 910.3864450086004 
346 840.5424854664703 
142 607.857288942336 
92 562.6419338779937 
49 608.3933885305629 
251 1105.8307871527604 
242 683.2980291902629 
0 176.6284258199586 
95 904.2132561411127 
57 1062.9749059842754 
305 1457.2105979936564 
360 1602.9586548542838 
284 422.89024994026147 
6 121.12849933395297 
358 248.00954687544112 
80 462.520958865571 
356 470.73537474539637 
100 246.35745419534942 
206 0.0 
306 401.76784528029805 
149 709.5896387203574 
136 56.6829348512914 
172 172.86096969681745 
167 1424.9623915415546 
185 1593.5883752087627 
208 0.0 
232 56.6829348512914 
315 1314.2682396821508 
127 0.0 
309 649.963266506383 
130 840.5424854664703 
154 240.2453819496958 
75 616.9295932809252 
170 419.6768698640255 
248 421.93712706710363 
335 873.6919554204529 
273 256.7361519295697 
226 3.994417625197991 
336 1516.672368082143 
324 1454.2810999625588 
37 320.1844854317201 
113 335.4454809501428 
171 345.413142488505 
161 577.5560926097894 
203 3.550057643645186 
86 898.8243093387536 
94 689.3665783703161 
169 1595.589523176298 
246 381.4330832542135 
272 676.2899920952626 
70 447.13571917390277 
183 823.2301183277042 
333 304.69203603571276 
179 967.0455777878316 
135 1823.8796107357489 
160 0.0 
112 513.0290309171854 
244 668.6786114136162 
29 284.6924979632505 
259 816.7451279917693 
297 651.7829744664156 
323 345.39210052647326 
202 240.71029335598521 
299 974.9433809550758 
263 905.3727110404941 
99 882.540100584124 
334 886.3464801643171 
338 1642.538412683461 
308 351.6754181019413 
184 1570.159213261695 
353 246.35745419534942 
314 1128.0420790427715 
165 725.938539827886 
43 62.72119213686535 
93 151.98326227619643 
114 513.8533684539219 
286 888.8521154222454 
153 2341.425005991775 
69 832.057097856945 
368 473.0346544832962 
111 0.0 
250 473.7244014347137 
108 700.0861256333313 
186 1071.4127950414675 
319 337.59116804461286 
325 456.01571696700165 
72 381.63830729692637 
128 840.5424854664703 
365 462.298979256826 
124 1103.113873194546 
265 46.55339739385926 
89 623.8242955106354 
192 1447.9530590288007 
236 1021.2310862939551 
283 357.35357584050274 
150 21.123389328439217 
67 2256.1320818789745 
168 740.400550193947 
282 651.7829744664156 
61 683.1352646376722 
103 2087.2168750686096 
364 519.8702598264166 
137 915.8639898506502 
23 1268.2836170284395 
126 556.3800237134792 
253 216.24520791883901 
350 323.87006694248794 
119 651.7829744664156 
262 0.0 
320 1.834021949412735 
174 343.4295876574443 
329 3.550057643645186 
34 495.61368828413623 
307 576.783691062238 
5 546.7034707824349 
219 1734.461501124467 
347 813.8701775381053 
355 688.4878704592994 
146 870.2567039473435 
22 644.1296986914463 
78 284.76227373354203 
227 663.1220711334043 
292 882.540100584124 
367 1108.2218761581132 
289 347.37565535753396 
16 735.0230582007746 
91 755.5018912963423 
176 511.1251995367076 
348 1107.3961285791427 
