0 153.6344424733786
1 432.1816779187554
2 472.99786831075795
3 1180.834714388978
4 326.1721905705981
5 546.9684285212747
6 96.3462506130486
7 239.53680226367612
8 100.56362874714951
9 1500.7232294289693
10 688.3871163922142
11 597.1178244565074
12 89.32591184608765
13 455.46262166841774
14 201.5009585573734
15 845.0315106142577
16 503.24491509947666
17 689.9626053254248
18 1169.182568949982
19 295.2615550665894
20 1290.6606891994954
21 1631.300609280331
22 663.1725612847409
23 1101.5883792604416
24 0.0
25 573.5614970579073
26 939.0351742954475
27 688.3871163922142
28 566.6311467554069
29 257.2096923211689
30 202.36309106407322
31 194.49076004901295
32 675.2701296595249
33 683.2750330974169
34 508.18478954175833
35 422.81509638263225
36 359.039821385562
37 309.4214544342383
38 902.5376305479023
39 739.8947030935988
40 583.4559271831954
41 1977.8264642030272
42 307.8533538235862
43 63.568825835394144
44 715.9821898333771
45 768.7149946837809
46 0.0
47 313.67430872299093
48 415.60960048823404
49 599.1444362076816
50 241.40327527239418
51 1358.0003513815225
52 1331.8826293592876
53 511.89927572533156
54 171.7801672136485
55 1729.6460616207619
56 188.70650798252387
57 1035.3594013644054
58 829.1721998768422
59 540.3812051637718
60 880.5160857480638
61 547.5392232430827
62 507.1738835036789
63 547.5392232430827
64 0.0
65 804.4623534600879
66 113.86486993975822
67 1651.6366077477828
68 686.4364728548484
69 667.4114564397798
70 340.63992008083596
71 0.0
72 306.8331354031475
73 1859.8580483082756
74 119.1035107737872
75 567.4270850269329
76 1590.5542014056907
77 354.5362444956558
78 294.90118437672044
79 1131.2268341697713
80 460.3311275664838
81 1299.769404810605
82 1099.8971209741267
83 781.732889903463
84 1722.7986027081304
85 0.0
86 799.7360058775741
87 981.5498044482092
88 456.31651369073313
89 601.8872885992189
90 292.64009897024226
91 708.4361036236082
92 564.2930635985812
93 112.4724069041223
94 667.9330311003564
95 896.1853280114317
96 183.4627416028899
97 763.1025667894961
98 448.8779047964622
99 669.5028083067782
100 103.93347696520821
101 1337.4448084014184
102 535.760493022133
103 1863.3631735393017
104 1362.6874112514583
105 1487.7492314655071
106 570.4804713849087
107 0.0
108 621.3853406045496
109 591.8603669387704
110 0.0
111 0.0
112 527.5282247051805
113 193.43414907698127
114 499.4606339289121
115 1410.8926811912554
116 804.4623534600879
117 1160.9977615381565
118 502.23092070932364
119 663.1981257107823
120 385.3052654990815
121 142.31495122089035
122 152.92848030501636
123 0.0
124 1032.5621781278412
125 121.26850861134064
126 536.6767088724096
127 0.0
128 826.8133767534451
129 726.0281142258727
130 826.8133767534451
131 0.0
132 827.1990627392038
133 519.9497833158075
134 757.8302049936638
135 1695.510051175424
136 54.5192164745643
137 911.432047262343
138 0.0
139 29.524973665779136
140 536.6988571694579
141 0.0
142 590.4477071790885
143 0.0
144 1605.975515254666
145 637.156252766834
146 815.147152752224
147 1128.08296614849
148 844.7470538602803
149 578.187607508128
150 0.0
151 501.3317731943068
152 730.7656833773611
153 1989.3685850031834
154 251.3956759594537
155 477.51045692555135
156 580.008486701257
157 248.98425254348643
158 407.2679597307589
159 636.6826403890332
160 0.0
161 536.7867663307869
162 418.14837172893994
163 712.3786779820351
164 580.008486701257
165 737.029627468273
166 663.1725612847409
167 1044.4405844078335
168 555.9215715393381
169 1482.0394333525128
170 380.56711220321125
171 338.14579070657925
172 126.12116406933468
173 10.45428376194136
174 338.14579070657925
175 926.4532321909064
176 514.7915940395922
177 221.02662901782
178 0.0
179 989.3164474873669
180 0.0
181 369.30541302750754
182 1720.835527217994
183 741.0359093757863
184 1254.3536914125752
185 1481.6763655978127
186 998.3804356801347
187 671.1598904307368
188 527.8057982575805
189 140.848290415741
190 757.4552554183402
191 1229.7945199642195
192 1203.0835988249275
193 926.4532321909064
194 926.4532321909064
195 0.0
196 474.6666437442189
197 547.630337978741
198 640.4191513323221
199 1366.7668150427876
200 501.4943380535744
201 482.31365021768744
202 240.62628755021657
203 0.0
204 80.42252852043625
205 0.0
206 0.0
207 0.0
208 0.0
209 582.6349129182886
210 374.47705624971326
211 689.9885666374495
212 609.1294314228487
213 842.2060755336141
214 221.5646428061372
215 129.5577945357286
216 725.9545161828016
217 799.1759150853662
218 688.3871163922142
219 1669.0744372389404
220 300.7930734098108
221 0.0
222 152.92848030501636
223 259.89817410727136
224 0.0
225 1136.9294871997422
226 0.0
227 656.3745689817748
228 0.0
229 50.08959494268803
230 50.62633561051868
231 321.09698246053904
232 54.5192164745643
233 472.30708957546864
234 48.57266259661225
235 757.8302049936638
236 1006.81445753715
237 29.524973665779136
238 995.4914196004694
239 153.6344424733786
240 584.5403292704096
241 399.0276988450813
242 516.1461182789874
243 208.9239159402006
244 670.0825993660429
245 501.0440551353311
246 403.18636484677813
247 0.0
248 397.8988752453621
249 125.62435840208529
250 381.5495251015937
251 1130.5270497109752
252 109.27792127714471
253 48.57266259661225
254 286.482308541944
255 566.8411676531647
256 597.5925443551077
257 0.0
258 180.96776532643028
259 781.732889903463
260 459.32905565448266
261 623.249232759716
262 0.0
263 787.2026193985149
264 172.991980209525
265 48.57266259661225
266 0.0
267 597.5925443551077
268 0.0
269 946.8116636219505
270 520.7864705497769
271 1261.2952591997582
272 681.3577565843032
273 248.98425254348643
274 54.5192164745643
275 209.80857916458328
276 169.53515633338893
277 321.22532951058463
278 725.6542536174026
279 0.0
280 664.770810666194
281 928.8931150865342
282 663.1981257107823
283 367.9902267147242
284 351.0222942614564
285 218.84029930826645
286 790.1032623442829
287 92.22303728022877
288 0.0
289 350.0511343773379
290 350.0511343773379
291 92.22303728022877
292 669.5028083067782
293 1335.4953787897532
294 1759.4836580016774
295 633.082121577268
296 1461.104767939015
297 663.1981257107823
298 0.0
299 887.3415473354775
300 0.0
301 598.7941911005428
302 318.0442571397581
303 1194.647088374013
304 844.7470538602803
305 1122.3272641635162
306 378.0951816453518
307 561.5579232482412
308 339.03519287374786
309 516.7354766070629
310 0.0
311 0.0
312 931.2215444185958
313 0.0
314 888.5579346106724
315 1136.9294871997422
316 407.2679597307589
317 536.7867663307869
318 1460.1768086925233
319 352.9978979362788
320 0.0
321 1635.5806864601998
322 54.84660125709555
323 350.0511343773379
324 1334.27033301097
325 459.6135124084598
326 0.0
327 174.85355481175984
328 611.4269766635161
329 0.0
330 351.0222942614564
331 0.0
332 1205.3283304043737
333 285.93330075865003
334 881.7249588910273
335 880.2592323427424
336 1476.332126149453
337 211.69484410780663
338 1576.3966284548428
339 884.0630193605683
340 0.0
341 283.81667189510057
342 270.0942385491009
343 599.1444362076816
344 1279.9772632889326
345 0.0
346 826.8133767534451
347 728.9061328850049
348 1002.0142731239512
349 535.760493022133
350 248.98425254348643
351 689.9626053254248
352 248.98425254348643
353 103.93347696520821
354 799.7360058775741
355 671.3002155237816
356 478.4039840018429
357 1286.8631316148735
358 237.54768742729232
359 623.249232759716
360 1358.0003513815225
361 877.5067509021503
362 1150.3488547439117
363 848.1384619290924
364 509.9926712225133
365 332.9768625049814
366 1128.2189841341196
367 1029.6564985563682
368 444.47403754259415
369 0.0
370 1231.5383800095208
371 0.0
372 998.2520886300889