0 156.97842504449096
1 422.1654090227569
2 468.6353540756097
3 1165.5468878022825
4 312.9110979669813
5 550.3109289500993
6 96.6055381248919
7 243.162736968535
8 96.79114403482859
9 1543.8826670505757
10 684.8520539113329
11 581.6964461862456
12 85.0964761753678
13 444.13736234773506
14 199.1403037572218
15 840.6469153258082
16 500.4709398540803
17 698.3123420475587
18 1253.2095084244684
19 296.7614586145971
20 1337.6598451550449
21 1681.0819692242708
22 641.4598237574002
23 1124.5569931456587
24 0.0
25 565.4264981104383
26 930.726205556733
27 684.8520539113329
28 567.0609321748672
29 256.4830918627819
30 202.6507034261161
31 190.941816902573
32 663.9527326116465
33 666.6795225195724
34 495.9064088812273
35 408.0869937786951
36 347.34823154903535
37 310.5778403120852
38 893.7629279063646
39 749.107143142458
40 568.0651600094399
41 2011.9994783547588
42 296.74005200903247
43 61.519917745529646
44 740.2419459145203
45 751.6102134879103
46 0.0
47 323.0432032125769
48 433.6036812626586
49 593.1828958697021
50 230.48379551463324
51 1477.742652329753
52 1416.962005415803
53 514.38476934942
54 172.3785105635415
55 1908.6527547419225
56 194.39927392474306
57 1033.3918721236007
58 820.6925871592555
59 557.1635910329254
60 921.3858517764364
61 572.9187320476723
62 517.0072353889643
63 572.9187320476723
64 0.0
65 803.6620080657875
66 108.4411798862838
67 1828.2369617150391
68 700.5096270437735
69 704.1211140298527
70 343.42212406922647
71 0.0
72 305.7873160614942
73 1928.1919833660943
74 118.48320803274349
75 599.1243112394878
76 1640.1900218765777
77 346.99037475426866
78 283.01616624639723
79 1098.8096237100021
80 449.69177178919534
81 1384.9489584168286
82 1185.276462358845
83 789.6063887751388
84 1807.263457921015
85 0.0
86 815.4296196829132
87 1011.4429004023584
88 470.22143324131133
89 604.391802135934
90 289.7774852452038
91 710.1197451172661
92 551.1711909853228
93 107.15778990557828
94 664.6917162393927
95 879.4890612125505
96 175.01584578193967
97 753.3730641067841
98 453.86665580753015
99 708.2782618512772
100 105.41965838479537
101 1423.1307323547137
102 541.4552747679261
103 1990.4015624803417
104 1484.5631148741545
105 1481.072454860315
106 570.083518921928
107 0.0
108 626.1284338425086
109 598.0031905112405
110 0.0
111 0.0
112 513.0290309171854
113 204.8554439732993
114 503.1991335113563
115 1418.5319698050098
116 803.6620080657875
117 1174.5370459426836
118 505.0873840010254
119 647.7809386051794
120 376.8429099905244
121 145.81897554477416
122 145.76756191045516
123 0.0
124 1049.2902956545895
125 123.74278758399788
126 520.734632849741
127 0.0
128 818.3321927955908
129 724.8041304421959
130 818.3321927955908
131 0.0
132 828.8691686174817
133 513.9871819642567
134 826.7238506675816
135 1806.3980343714259
136 52.47960157809402
137 915.3328362936529
138 0.0
139 28.125243331267967
140 545.1324787202324
141 0.0
142 579.7714273806674
143 0.0
144 1739.499528603187
145 636.0786099574132
146 871.8952436617969
147 1207.2737231319377
148 845.7469104060757
149 581.2763940650964
150 0.0
151 499.2989063382721
152 724.2987580710413
153 2112.988822210397
154 240.17096236644846
155 486.6380170908802
156 557.2109395631671
157 256.80708488035816
158 395.96702422040084
159 648.8797191902872
160 0.0
161 535.5832985144856
162 406.0268221843089
163 692.3141562713547
164 557.2109395631671
165 719.3094844786658
166 641.4598237574002
167 1156.863727466888
168 554.3662423848784
169 1506.6560793736762
170 376.22500615210515
171 331.4262203704422
172 127.07390147495497
173 9.962893209196377
174 331.4262203704422
175 955.3686851954816
176 500.9879740969636
177 213.12499385460927
178 0.0
179 968.250444429966
180 0.0
181 359.15428601440766
182 1805.6833209269148
183 794.7333672766912
184 1340.7139304623158
185 1550.0254667840986
186 1005.0323990198016
187 654.2171505872574
188 510.5838471400144
189 140.03444098583444
190 756.3168075848977
191 1240.5212990506616
192 1227.6213709685655
193 955.3686851954816
194 955.3686851954816
195 0.0
196 488.17927016847347
197 548.8749127440684
198 647.298846357984
199 1486.2293551857308
200 506.1337133745516
201 486.69439302338253
202 239.22017404271924
203 0.0
204 76.61813699402187
205 0.0
206 0.0
207 0.0
208 0.0
209 584.1912164775589
210 372.30636539697974
211 686.8028464641906
212 606.4242524943451
213 899.643861666298
214 212.59205355677614
215 128.44610124193986
216 742.5614443349206
217 784.8615469905901
218 684.8520539113329
219 1707.0725623574633
220 291.64636721466724
221 0.0
222 145.76756191045516
223 257.43839013832064
224 0.0
225 1181.212297136008
226 0.0
227 647.9064418189616
228 0.0
229 47.70241765662409
230 48.26871188550987
231 319.4603960339166
232 52.47960157809402
233 459.690364656917
234 46.55339739385926
235 826.7238506675816
236 1083.5309355479399
237 28.125243331267967
238 1034.2825434414563
239 156.97842504449096
240 572.9986445107629
241 389.9372435543612
242 504.78241965662016
243 199.14276169961082
244 660.2857969903445
245 511.4589001622472
246 413.6641521599905
247 0.0
248 395.99547335708206
249 121.98671826634094
250 395.0205171226235
251 1098.3409784556636
252 111.30391173971393
253 46.55339739385926
254 284.7387626448414
255 574.2248218665497
256 638.2870700843741
257 0.0
258 180.90628991162072
259 789.6063887751388
260 457.562592130085
261 633.5387311251918
262 0.0
263 808.0708004049019
264 166.03865616291688
265 46.55339739385926
266 0.0
267 638.2870700843741
268 0.0
269 927.7577730980604
270 509.3155129806879
271 1254.2766623006398
272 662.8167656438043
273 256.80708488035816
274 52.47960157809402
275 209.73597248169648
276 162.8500633402914
277 319.1042313915879
278 731.2005663612298
279 0.0
280 682.3069919087468
281 990.8127512303487
282 647.7809386051794
283 357.35357584050274
284 364.87911976637935
285 217.50782839916053
286 779.1966590021053
287 87.8363920175079
288 0.0
289 346.25868039037107
290 346.25868039037107
291 87.8363920175079
292 708.2782618512772
293 1467.9665027361489
294 1933.6077611814285
295 617.0981140866066
296 1525.4790381864445
297 647.7809386051794
298 0.0
299 917.4661735823238
300 0.0
301 582.0700448407962
302 312.5175114418512
303 1327.9320617503142
304 845.7469104060757
305 1195.6681952036488
306 386.02484940377695
307 561.0406951857163
308 343.4802929802409
309 545.0667617540055
310 0.0
311 0.0
312 978.197547355963
313 0.0
314 919.1033222831397
315 1181.212297136008
316 395.96702422040084
317 535.5832985144856
318 1576.73741032035
319 337.8659091222311
320 0.0
321 1664.117600038724
322 53.83238843666577
323 346.25868039037107
324 1403.484891787284
325 452.46259704981753
326 0.0
327 167.40681320426117
328 611.4180470197498
329 0.0
330 364.87911976637935
331 0.0
332 1227.7687391284671
333 287.96850160895417
334 876.41344707911
335 858.3387951017821
336 1505.8657649802053
337 205.59971278211515
338 1618.3365846082952
339 887.0487099845562
340 0.0
341 276.03829307794086
342 262.94395951410405
343 593.1828958697021
344 1291.1064568433453
345 0.0
346 818.3321927955908
347 726.8089794573287
348 1009.969292559871
349 541.4552747679261
350 256.80708488035816
351 698.3123420475587
352 256.80708488035816
353 105.41965838479537
354 815.4296196829132
355 661.1655296427392
356 465.72121977450297
357 1299.4180720925565
358 237.85426999586997
359 633.5387311251918
360 1477.742652329753
361 906.8616805507884
362 1210.484931806088
363 835.3328007353506
364 503.9065803649087
365 348.46711972876426
366 1129.543387961504
367 1063.285149127098
368 444.1658430581918
369 0.0
370 1286.2649715428154
371 0.0
372 1005.3885636621302