0 155.41050409262272
1 426.09748183974665
2 471.43193194720465
3 1171.812505930287
4 318.3737566413771
5 550.7964628813925
6 96.18094181179421
7 242.8631266437825
8 98.3424478446969
9 1527.3270645620194
10 686.4234143435763
11 588.6255384716453
12 86.76397034086351
13 448.7041326673631
14 199.6008343204286
15 841.1548731415439
16 501.6477798258566
17 692.8196885536136
18 1219.5886283618272
19 295.7111480411377
20 1320.8386098538617
21 1663.721431046541
22 649.8777250168728
23 1112.0629535436187
24 0.0
25 569.7743797919015
26 934.3550305681698
27 686.4234143435763
28 567.4744030635752
29 256.922503622167
30 202.53437600505237
31 192.40702996931975
32 668.7460758509441
33 673.852091530111
34 501.15598288894535
35 413.9760355961024
36 352.03861334562094
37 310.5518994414083
38 897.3573319249341
39 749.4736845826769
40 574.4114971902553
41 2000.004700501252
42 301.1856290514114
43 62.39404437758833
44 731.7338509494377
45 757.770875104597
46 0.0
47 320.11088736910847
48 427.6864717816959
49 596.0363162638632
50 234.73137973476256
51 1434.2679159503705
52 1387.4954344422017
53 513.2227564359887
54 171.9676489377518
55 1823.8636995713944
56 191.7409198155494
57 1034.5071893858494
58 823.1147541047792
59 550.5298657076597
60 904.9129112670807
61 562.692476528662
62 513.0446869835076
63 562.692476528662
64 0.0
65 803.898539923124
66 110.58226630249578
67 1744.3017786665782
68 695.3720626029931
69 690.3585948725338
70 342.8828211926803
71 0.0
72 307.58314935519513
73 1905.567498033876
74 118.50695871808063
75 587.7560788110284
76 1622.2495214207554
77 350.326627831077
78 287.7011707911845
79 1111.5821473055516
80 453.8615691207573
81 1353.4883342054163
82 1151.1881640927468
83 788.8197563964886
84 1769.544203561471
85 0.0
86 809.311874523677
87 1000.1957823139801
88 464.73951781105785
89 603.6356812573858
90 290.9493657905264
91 709.6125440168562
92 556.356360381397
93 109.25278680483575
94 666.7672757971577
95 885.8571690012359
96 178.31021053926486
97 757.5289608160042
98 450.05072693540103
99 688.5282080352224
100 104.39908040418541
101 1390.37084917886
102 540.1271863514456
103 1940.4860079596958
104 1428.509277264824
105 1488.0009289321147
106 570.3055245278994
107 0.0
108 624.5077138613451
109 595.8311315153546
110 0.0
111 0.0
112 519.0027343612751
113 200.44548449441623
114 502.06357213313356
115 1415.8349380725272
116 803.898539923124
117 1173.5441591698527
118 504.73606700236246
119 654.0007223588489
120 379.9234140265243
121 145.11928178938604
122 148.58499702620765
123 0.0
124 1043.9054906576098
125 122.72406454827913
126 526.8265719931904
127 0.0
128 821.5466919531315
129 725.371825329295
130 821.5466919531315
131 0.0
132 827.3650399669577
133 516.9834523359632
134 801.143206708289
135 1765.7299271307618
136 53.29953126828569
137 913.7713659393935
138 0.0
139 28.676582345990575
140 541.7212693294982
141 0.0
142 583.4142472266403
143 0.0
144 1692.2673034360516
145 636.4206348224925
146 852.3817158212157
147 1177.9738483197325
148 843.5639442503104
149 582.0655062787944
150 0.0
151 500.5360952739631
152 724.8698390101912
153 2065.6588475651884
154 244.51744487307045
155 483.1826290396558
156 566.0299552890476
157 254.10657706316474
158 400.49606772863547
159 643.3375434084883
160 0.0
161 535.887811686744
162 411.0577654299734
163 700.4522163595652
164 566.0299552890476
165 726.7506298625966
166 649.8777250168728
167 1104.2390550262614
168 555.1084700455278
169 1497.6144955697498
170 378.10304361714486
171 333.6384171739119
172 126.46903344386408
173 10.15609393780852
174 333.6384171739119
175 940.6044805377603
176 506.33268826600624
177 216.2113748388825
178 0.0
179 976.6627938167641
180 0.0
181 363.47757960889714
182 1776.1192088510402
183 775.7840078630059
184 1300.1680690898543
185 1525.7987821632055
186 1002.7954936338483
187 660.7840800589852
188 517.4561284031568
189 140.22092942107122
190 757.6533257798336
191 1236.83145632892
192 1213.847445290035
193 940.6044805377603
194 940.6044805377603
195 0.0
196 482.9341338862377
197 549.0637167846068
198 645.065739887083
199 1431.3474665760687
200 505.2254225847979
201 485.8060808650856
202 239.81360274020165
203 0.0
204 78.11782839505736
205 0.0
206 0.0
207 0.0
208 0.0
209 582.5139123801246
210 373.4319541391567
211 688.6549430585534
212 607.930887206244
213 871.6937693953489
214 215.9905064586112
215 128.66305265588915
216 736.5829641642285
217 790.2889724355834
218 686.4234143435763
219 1695.5452129256491
220 295.3141217117875
221 0.0
222 148.58499702620765
223 258.45782304247734
224 0.0
225 1162.2569043167682
226 0.0
227 651.7252252123126
228 0.0
229 48.64484405201431
230 49.19561975198823
231 320.57285571196485
232 53.29953126828569
233 464.3734834349867
234 47.31439992841294
235 801.143206708289
236 1055.2497837714534
237 28.676582345990575
238 1013.3591211689197
239 155.41050409262272
240 577.682884616127
241 393.26401776536704
242 509.3842555333642
243 202.9809550195296
244 664.0042808702437
245 507.66143282779035
246 406.7990792653327
247 0.0
248 395.96702930055403
249 123.50985231667636
250 389.53483466683144
251 1111.5099817895384
252 110.03298900787911
253 47.31439992841294
254 286.3153528283949
255 572.1539960421031
256 617.3920918683657
257 0.0
258 180.85716106097868
259 788.8197563964886
260 458.74238621386246
261 630.4800149813275
262 0.0
263 797.2116159160095
264 168.67610653019824
265 47.31439992841294
266 0.0
267 617.3920918683657
268 0.0
269 935.0527887532241
270 513.8672052686006
271 1257.9018179445256
272 670.0729439596396
273 254.10657706316474
274 53.29953126828569
275 209.81297899046302
276 165.52612544593103
277 320.3834416478234
278 729.1096710886275
279 0.0
280 675.9511439528803
281 964.2565156022729
282 654.0007223588489
283 361.73983774084985
284 359.60272958981915
285 217.65690690699188
286 784.7598145218615
287 89.56784531254948
288 0.0
289 348.70939720598324
290 348.70939720598324
291 89.56784531254948
292 688.5282080352224
293 1405.882093832799
294 1849.728330883032
295 624.0391399483124
296 1495.1842470527724
297 654.0007223588489
298 0.0
299 906.7254565291604
300 0.0
301 588.7474844094986
302 314.7821615077645
303 1265.6611644117277
304 843.5639442503104
305 1164.7020000966895
306 383.5375913386758
307 561.8478018779404
308 342.10049063490357
309 535.1137186209864
310 0.0
311 0.0
312 955.0097960808974
313 0.0
314 905.244756896979
315 1162.2569043167682
316 400.49606772863547
317 535.887811686744
318 1533.6869286943625
319 343.8363359851959
320 0.0
321 1652.881644765533
322 54.38812761711461
323 348.70939720598324
324 1378.3050608596802
325 456.33331510509595
326 0.0
327 170.31522414107582
328 613.0370751231349
329 0.0
330 359.60272958981915
331 0.0
332 1220.8929694138837
333 287.3354939633578
334 879.0966852932265
335 866.7646612194708
336 1494.7792779164533
337 207.98296441347105
338 1602.3224005770603
339 887.2310481817286
340 0.0
341 279.17100031018333
342 265.83039657134066
343 596.0363162638632
344 1287.242958534634
345 0.0
346 821.5466919531315
347 727.7000739127262
348 1007.8811519107356
349 540.1271863514456
350 254.10657706316474
351 692.8196885536136
352 254.10657706316474
353 104.39908040418541
354 809.311874523677
355 665.4649935527563
356 470.60018303999817
357 1300.2701474640694
358 239.18268508611408
359 630.4800149813275
360 1434.2679159503705
361 896.4352302208557
362 1189.2094835392877
363 841.018752588225
364 507.3803354143132
365 342.22043473841853
366 1131.5883110516777
367 1051.8447383185467
368 443.9729720735634
369 0.0
370 1264.5156408568992
371 0.0
372 1002.9849076979895