0 154.99722236330882
1 427.2351141206551
2 472.0419092807623
3 1172.8654773784074
4 319.8424859513131
5 550.6954776158993
6 96.11105374021568
7 242.77693934467143
8 98.75528726538403
9 1521.6693749550936
10 686.3657110994684
11 590.4909233823436
12 87.22423855535732
13 449.799346310333
14 199.8193808438827
15 841.4406214156793
16 501.9232423811691
17 691.5172545762771
18 1210.866621603478
19 295.53579758237964
20 1316.1102487035682
21 1658.7315318231995
22 651.991469361671
23 1109.2089432868133
24 0.0
25 570.7971965461463
26 934.7533624799522
27 686.3657110994684
28 567.7336175028863
29 257.15455419634554
30 202.6143796036297
31 192.71632046147928
32 669.7986177802602
33 675.6142029856252
34 502.46504755108435
35 415.54712552643355
36 353.27826081982045
37 310.5790633065409
38 897.7613059455721
39 749.030408689919
40 576.0716615531553
41 1995.2639181106408
42 302.34353619790863
43 62.62100376971805
44 729.0182315291099
45 759.4076606317338
46 0.0
47 319.16508757077474
48 425.99194028394334
49 596.6974793159668
50 235.8891693559542
51 1422.6578992148711
52 1379.2399502433723
53 513.0518497418476
54 171.97959242239847
55 1804.6311805582977
56 191.09562626636972
57 1034.1954022682014
58 823.8832622350724
59 548.9132207884884
60 900.8808297845369
61 560.1910516014461
62 512.1150928893094
63 560.1910516014461
64 0.0
65 803.4705377700669
66 111.1743993607245
67 1725.2461778990441
68 693.9905121840496
69 686.8287922508513
70 342.6212831196318
71 0.0
72 307.9860346575608
73 1898.4565575671272
74 118.60706286562522
75 584.4032838513089
76 1616.594412462819
77 351.1583099630658
78 288.9427305264053
79 1114.7052386430814
80 454.92642992646915
81 1344.6166280693
82 1142.3536565046543
83 787.9816534046511
84 1760.360017857726
85 0.0
86 807.9212121503624
87 996.6679860914189
88 463.40777527520385
89 603.3089906741907
90 291.2440976457475
91 709.3467590546327
92 557.7083835449013
93 109.83058641255468
94 666.941596707786
95 887.4569429900209
96 179.21404712065166
97 758.4743304305039
98 449.34473996694106
99 684.0394748507679
100 104.21797022802748
101 1381.8267260633907
102 539.6394295395811
103 1927.2933103003475
104 1415.8333301172456
105 1489.438547059431
106 570.6179795396549
107 0.0
108 624.1654446470397
109 595.3364718866337
110 0.0
111 0.0
112 520.5355663535714
113 199.27425231005958
114 501.4536214002574
115 1414.1947384229702
116 803.4705377700669
117 1172.6370357184476
118 504.52359142698964
119 655.4927779899914
120 380.6071139122467
121 144.82051273927473
122 149.35977100844067
123 0.0
124 1041.8998604229691
125 122.41051738168336
126 528.388716513601
127 0.0
128 822.2365261087151
129 725.4619745195487
130 822.2365261087151
131 0.0
132 827.0674253588453
133 517.5452101090457
134 794.1195968074735
135 1754.2311114820793
136 53.51767496204383
137 912.7411170227126
138 0.0
139 28.828972760405975
140 540.9440656497154
141 0.0
142 584.4256321386877
143 0.0
144 1679.5821440895559
145 636.4365107192491
146 846.7622406369901
147 1169.8278276307697
148 843.2270209617357
149 582.0943526783689
150 0.0
151 500.73401574583113
152 725.3231775844249
153 2053.294271868883
154 245.69852366208778
155 482.25905009892085
156 568.3120343653642
157 253.29771344161338
158 401.622736203066
159 641.7545307524149
160 0.0
161 535.8870217998071
162 412.2868849612132
163 702.402506106343
164 568.3120343653642
165 728.4391312115238
166 651.991469361671
167 1092.27750901312
168 555.2957719379423
169 1494.6655820345195
170 378.6725206561987
171 334.22316863867127
172 126.35700947747418
173 10.209339809827963
174 334.22316863867127
175 937.37656871576
176 507.7407594554106
177 217.0143121667316
178 0.0
179 978.5715249345968
180 0.0
181 364.6760667070514
182 1766.9600060979865
183 770.6481925495257
184 1290.8708960484898
185 1518.2049828332802
186 1001.9110342891767
187 662.5094795984024
188 519.2909500184769
189 140.34020716065396
190 757.706120384611
191 1235.5349381222097
192 1210.8633171081922
193 937.37656871576
194 937.37656871576
195 0.0
196 481.5840470946089
197 548.9844341470804
198 644.1388125711657
199 1418.88948675745
200 504.7331002006898
201 485.33546180610875
202 239.86339702021613
203 0.0
204 78.53164392446558
205 0.0
206 0.0
207 0.0
208 0.0
209 582.2566029113226
210 373.522459936275
211 689.2515839627395
212 608.1927333323
213 865.431360613879
214 216.89430673475624
215 128.8164026754532
216 734.9065132033327
217 791.4128596998346
218 686.3657110994684
219 1691.344459765261
220 296.2761578439852
221 0.0
222 149.35977100844067
223 258.63035026108645
224 0.0
225 1156.9361959378455
226 0.0
227 652.6470515422385
228 0.0
229 48.90553465411132
230 49.44997373242198
231 320.69911941065175
232 53.51767496204383
233 465.66338890000816
234 47.517050344250485
235 794.1195968074735
236 1047.4173102490865
237 28.828972760405975
238 1008.6494575479142
239 154.99722236330882
240 578.9488222147601
241 394.01483987222423
242 510.5593818870572
243 204.03813374465244
244 665.206575579787
245 506.6830990010309
246 405.1755384783096
247 0.0
248 395.89726577411557
249 123.90826436196878
250 388.2068285273408
251 1114.6893910675562
252 109.77295038554624
253 47.517050344250485
254 286.5776522117841
255 571.3740863546539
256 612.7521917737988
257 0.0
258 180.89718407019004
259 787.9816534046511
260 458.9716063670485
261 629.2814564527162
262 0.0
263 794.8459269814651
264 169.37725639050575
265 47.517050344250485
266 0.0
267 612.7521917737988
268 0.0
269 936.9069167224429
270 514.9878551541929
271 1258.3345453034885
272 671.9407420932006
273 253.29771344161338
274 53.51767496204383
275 209.72481560697514
276 166.2476514006015
277 320.5623392711247
278 728.480896946462
279 0.0
280 674.3773758710961
281 957.3708654407624
282 655.4927779899914
283 362.87758482072127
284 358.2938452768732
285 217.75950122503627
286 785.8342022604372
287 90.04643045833643
288 0.0
289 349.1986559815021
290 349.1986559815021
291 90.04643045833643
292 684.0394748507679
293 1391.8309809751727
294 1830.7382487570594
295 625.7071054142777
296 1488.2907344941252
297 655.4927779899914
298 0.0
299 903.3628063606101
300 0.0
301 590.4374366161242
302 315.3063823163221
303 1251.4907738145187
304 843.2270209617357
305 1156.6451177508218
306 382.7367827464789
307 561.9508298671306
308 341.6599002754411
309 532.4777096063826
310 0.0
311 0.0
312 949.7935721564195
313 0.0
314 901.6363315916129
315 1156.9361959378455
316 401.622736203066
317 535.8870217998071
318 1522.1177718220374
319 345.4616985212532
320 0.0
321 1649.4556661526565
322 54.54017459271588
323 349.1986559815021
324 1370.492127906268
325 457.1852068209921
326 0.0
327 171.0917827804829
328 613.357329510797
329 0.0
330 358.2938452768732
331 0.0
332 1218.5124949607525
333 287.1415787950772
334 879.1981799048924
335 868.8713619398052
336 1490.5308179099507
337 208.60654308298962
338 1596.743004694174
339 887.0422510822127
340 0.0
341 279.94055901683663
342 266.53283305685915
343 596.6974793159668
344 1285.8982459867332
345 0.0
346 822.2365261087151
347 727.9575737610087
348 1006.7754549124036
349 539.6394295395811
350 253.29771344161338
351 691.5172545762771
352 253.29771344161338
353 104.21797022802748
354 807.9212121503624
355 666.4744988028737
356 471.8885479401081
357 1299.7258863058182
358 239.47306955873694
359 629.2814564527162
360 1422.6578992148711
361 893.3004057010505
362 1183.266596519778
363 842.3993614150996
364 508.17619277642825
365 340.68977818309037
366 1131.7003021863472
367 1048.1833190998848
368 444.119376893858
369 0.0
370 1259.1746750614093
371 0.0
372 1002.0478144287035