0 154.80653255651634
1 427.7661954081776
2 472.28917873829096
3 1173.2214407758966
4 320.513085068028
5 550.6005110096264
6 96.08538950184331
7 242.73339838687056
8 98.9429863218242
9 1518.8885537228603
10 686.2462521612644
11 591.3399334936454
12 87.43698863960405
13 450.27357092637527
14 199.93457839664666
15 841.5833281989663
16 502.042421124616
17 690.9542024029339
18 1206.9362901233521
19 295.47169620252373
20 1313.8978296276316
21 1656.3797209221334
22 652.9262128684537
23 1107.9860080094404
24 0.0
25 571.2321650601152
26 934.8221925559509
27 686.2462521612644
28 567.8713041817059
29 257.27921246929344
30 202.66897180559135
31 192.84190110941765
32 670.2359852797571
33 676.384804341186
34 503.04126800570305
35 416.26092167958456
36 353.8387291235269
37 310.5920917124125
38 897.8353994541391
39 748.7202500804873
40 576.8178473717095
41 1992.8349403533487
42 302.86456303553814
43 62.72301205394607
44 727.7045421413216
45 760.1415634300439
46 0.0
47 318.70596541800717
48 425.20825372102183
49 596.9833500589416
50 236.42121964679683
51 1417.4286566869514
52 1375.4417633685628
53 512.9909412928598
54 172.00575351649837
55 1796.4218029559063
56 190.80871986510178
57 1033.9257671262726
58 824.242633225396
59 548.2100290417686
60 899.1163278931324
61 559.0967820715687
62 511.7175167648366
63 559.0967820715687
64 0.0
65 803.1893979763533
66 111.44834758288084
67 1717.1094661641423
68 693.3555870120165
69 685.2386125611281
70 342.48189129450225
71 0.0
72 308.1535546365492
73 1895.0386449863104
74 118.66898850669584
75 582.8281831159429
76 1613.8790953300638
77 351.52800793767966
78 289.50558847026105
79 1116.0694131642124
80 455.4029502407726
81 1340.5239206371236
82 1138.3746631905722
83 787.4756168349838
84 1756.3133486620013
85 0.0
86 807.3268548576484
87 994.977479705516
88 462.82950649123717
89 603.1423873707397
90 291.3763391389258
91 709.2085102550816
92 558.3182100476804
93 110.09754942707266
94 666.9428175038693
95 888.165473627357
96 179.63075166866082
97 758.8707078394863
98 449.07195565905704
99 682.1144451130075
100 104.15014801531595
101 1377.9665908943407
102 539.4012993286026
103 1921.3643453200737
104 1410.4309101723584
105 1490.0021537804187
106 570.7995011937295
107 0.0
108 624.0302017343305
109 595.1307453157733
110 0.0
111 0.0
112 521.2236315944087
113 198.7480215769283
114 501.12093671039975
115 1413.2859084720478
116 803.1893979763533
117 1172.0907853968504
118 504.4073726095528
119 656.1399352899034
120 380.89370638897407
121 144.66439431713763
122 149.71727992907478
123 0.0
124 1040.8844605439367
125 122.26172546164122
126 529.090319869748
127 0.0
128 822.5268522707723
129 725.4954272945406
130 822.5268522707723
131 0.0
132 826.9370649100169
133 517.7533864230063
134 790.9172270753525
135 1748.9259653366764
136 53.61687069982585
137 912.1649717616478
138 0.0
139 28.89945641855723
140 540.6169731833938
141 0.0
142 584.8866368090056
143 0.0
144 1673.8548042585135
145 636.4349302159609
146 844.1574384908492
147 1166.0977822207328
148 843.1020106262349
149 582.0738189982712
150 0.0
151 500.7970172670989
152 725.5740155361387
153 2047.753118805911
154 246.24047240610633
155 481.8423590540034
156 569.3328435649423
157 252.9188296837395
158 402.120570239929
159 641.0211240509161
160 0.0
161 535.8641901975499
162 412.82169686947134
163 703.2401342730628
164 569.3328435649423
165 729.1427203997126
166 652.9262128684537
167 1087.1701412328082
168 555.3791861344184
169 1493.1923142845726
170 378.9404449741145
171 334.4846377217894
172 126.31333827958376
173 10.23393418290819
174 334.4846377217894
175 936.0165750391086
176 508.37839445572473
177 217.3746647443594
178 0.0
179 979.376425192315
180 0.0
181 365.22870007883455
182 1762.6035863974591
183 768.3224619095968
184 1286.8720530580476
185 1514.5713847931152
186 1001.4612642119755
187 663.284419930228
188 520.1236911362487
189 140.40521616807848
190 757.669451943709
191 1234.8972677582915
192 1209.6094806732815
193 936.0165750391086
194 936.0165750391086
195 0.0
196 480.9847292293361
197 548.9286120452819
198 643.6617992323615
199 1413.5641999460865
200 504.4632918823853
201 485.0785639667731
202 239.86806570360207
203 0.0
204 78.7228925142361
205 0.0
206 0.0
207 0.0
208 0.0
209 582.1645659879941
210 373.52266561414706
211 689.5325366865269
212 608.2911251116883
213 862.7668873661003
214 217.30479347540637
215 128.90292268960403
216 734.141892498746
217 791.8649899675065
218 686.2462521612644
219 1689.2217300771747
220 296.71331966561
221 0.0
222 149.71727992907478
223 258.6928537143693
224 0.0
225 1154.4804455657077
226 0.0
227 653.0521779121382
228 0.0
229 49.02615502682308
230 49.56720616439519
231 320.72323955934405
232 53.61687069982585
233 466.2542730665653
234 47.609169818677174
235 790.9172270753525
236 1043.8360567590917
237 28.89945641855723
238 1006.6458543539948
239 154.80653255651634
240 579.5329624722468
241 394.33226969929433
242 511.0817498454202
243 204.52636379103524
244 665.7861394352053
245 506.24832538654914
246 404.4717327580709
247 0.0
248 395.85463109581394
249 124.0888011245961
250 387.6287156402407
251 1116.0618311425342
252 109.66679030546783
253 47.609169818677174
254 286.66496718098716
255 570.9809625198329
256 610.791223258181
257 0.0
258 180.9235789432859
259 787.4756168349838
260 459.05476954040114
261 628.6592170665031
262 0.0
263 793.8481163712704
264 169.69562365672917
265 47.609169818677174
266 0.0
267 610.791223258181
268 0.0
269 937.7326797917522
270 515.475774671186
271 1258.4248272032544
272 672.7776149851319
273 252.9188296837395
274 53.61687069982585
275 209.66669868754622
276 166.57734070343943
277 320.61210611317426
278 728.1879641872395
279 0.0
280 673.6909967835236
281 954.2938618335482
282 656.1399352899034
283 363.3909278785753
284 357.71956383742616
285 217.81489818366725
286 786.2380112739423
287 90.26778809117884
288 0.0
289 349.38797923493325
290 349.38797923493325
291 90.26778809117884
292 682.1144451130075
293 1385.836827988167
294 1822.6347771036494
295 626.4281344391721
296 1485.3282116439948
297 656.1399352899034
298 0.0
299 901.7461132421912
300 0.0
301 591.1885415903657
302 315.5298327808945
303 1245.4316118200882
304 843.1020106262349
305 1153.0418834104767
306 382.3512713418424
307 561.9820230105032
308 341.45079867298705
309 531.284324877714
310 0.0
311 0.0
312 947.5650816745673
313 0.0
314 899.9853069578198
315 1154.4804455657077
316 402.120570239929
317 535.8641901975499
318 1516.8926125620023
319 346.20809237210034
320 0.0
321 1647.780614196113
322 54.610240663702136
323 349.38797923493325
324 1366.772509460169
325 457.5360871131327
326 0.0
327 171.44484451178766
328 613.4734398588762
329 0.0
330 357.71956383742616
331 0.0
332 1217.3366357633654
333 287.05287424614176
334 879.1192345697561
335 869.799269396997
336 1488.371648470963
337 208.89011068755832
338 1593.9838708957338
339 886.9127743541551
340 0.0
341 280.27888974902174
342 266.84032643870154
343 596.9833500589416
344 1285.2393672953217
345 0.0
346 822.5268522707723
347 728.0828314601099
348 1006.1755530748297
349 539.4012993286026
350 252.9188296837395
351 690.9542024029339
352 252.9188296837395
353 104.15014801531595
354 807.3268548576484
355 666.9069224089318
356 472.46886206565057
357 1299.3207610901136
358 239.59192770376902
359 628.6592170665031
360 1417.4286566869514
361 891.816080401632
362 1180.5477053870297
363 842.9937907279586
364 508.5091530061691
365 340.0195458215636
366 1131.6604997901609
367 1046.4105075593288
368 444.2160406890017
369 0.0
370 1256.8358917305582
371 0.0
372 1001.5723976581452