0 154.51427619570103
1 428.58031635999816
2 472.6020716904248
3 1173.5355511254947
4 321.51944307066225
5 550.3694380004928
6 96.05590098650151
7 242.65828414874002
8 99.22334069477655
9 1514.4029902113657
10 685.9045137288755
11 592.6063920564806
12 87.76109773391109
13 450.93997980244586
14 200.13222730458816
15 841.8043912887531
16 502.21048166133454
17 690.1615289980365
18 1201.1240160864725
19 295.40022355288113
20 1310.473880943592
21 1652.7134286871383
22 654.2740630618413
23 1106.2747653952124
24 0.0
25 571.8254123852014
26 934.7272775383525
27 685.9045137288755
28 568.1043072135859
29 257.49648645141536
30 202.77984950577826
31 193.00384000814068
32 670.8193485691353
33 677.4801202628779
34 503.86677907937343
35 417.3248624767623
36 354.66885327358915
37 310.60782076217055
38 897.7527327120077
39 748.0638414351968
40 577.9144705791808
41 1988.7550262684852
42 303.6327827470144
43 62.87325275636811
44 725.6126837028883
45 761.2108014190615
46 0.0
47 317.972413433668
48 424.02324552569786
49 597.3883642924396
50 237.22593141547236
51 1409.744418312571
52 1369.720473159369
53 512.9214697335342
54 172.07922641987602
55 1785.010994047153
56 190.38734476510078
57 1033.2920299558632
58 824.7842080288115
59 547.2171013157896
60 896.5991887596006
61 557.5365220626471
62 511.1673692522152
63 557.5365220626471
64 0.0
65 802.6263231365888
66 111.8661479095829
67 1705.7951216592546
68 692.3927931805056
69 682.881260105865
70 342.23954774354684
71 0.0
72 308.3752254464923
73 1889.6326789081486
74 118.7890355305493
75 580.398405926896
76 1609.5931339670103
77 352.0677178990155
78 290.3427037552988
79 1118.006562101177
80 456.1013665140352
81 1334.338967348983
82 1132.4942694888398
83 786.4991218133338
84 1750.4665796998831
85 0.0
86 806.4985633408772
87 992.3171818076877
88 462.0149062405589
89 602.8672065002145
90 291.57174126319256
91 708.9765786489071
92 559.2203213413991
93 110.50402371901518
94 666.804511741114
95 889.1888339198117
96 180.26364520568868
97 759.4010055991985
98 448.73963342102604
99 679.417056884518
100 104.07181058815218
101 1372.2397483376997
102 539.0251086069256
103 1912.6639944115614
104 1402.9361212790277
105 1490.676639976825
106 571.131770977489
107 0.0
108 623.8653600249266
109 594.8584463574746
110 0.0
111 0.0
112 522.23765591256
113 197.97678307391848
114 500.53150623870533
115 1411.6584481423793
116 802.6263231365888
117 1171.0338797779848
118 504.20253422100507
119 657.0525678842681
120 381.2815224608684
121 144.39717419007854
122 150.2607833830001
123 0.0
124 1039.1939082238714
125 122.0301263908004
126 530.1253003540364
127 0.0
128 822.9262799981814
129 725.5356136164537
130 822.9262799981814
131 0.0
132 826.7378993321295
133 517.9804684082461
134 786.1427260925195
135 1740.9100753091702
136 53.76508751955107
137 911.1269419036739
138 0.0
139 29.006913667452128
140 540.1742829196673
141 0.0
142 585.5711881777343
143 0.0
144 1665.4141431158487
145 636.4217355504753
146 840.2068976270841
147 1160.5116693822745
148 842.9480664950634
149 581.9850265924065
150 0.0
151 500.84268143370036
152 726.0154535273682
153 2039.6410848031755
154 247.05862315509842
155 481.22792474730437
156 570.823456653961
157 252.3388168989548
158 402.83954957990767
159 639.9066351285747
160 0.0
161 535.7858306774128
162 413.5757666365187
163 704.3977663936629
164 570.823456653961
165 730.0740577064614
166 654.2740630618413
167 1080.0710302031275
168 555.5006725506613
169 1490.7396593225678
170 379.352225823826
171 334.864174573644
172 126.25918884315028
173 10.27136915371729
174 334.864174573644
175 934.149821502296
176 509.32579451546707
177 217.90342654377042
178 0.0
179 980.4690864767421
180 0.0
181 366.0662515960486
182 1755.8130024914753
183 764.8846350643238
184 1281.249180209217
185 1508.8659402577196
186 1000.7106188048704
187 664.4205384968661
188 521.3623097046005
189 140.5191150634522
190 757.5070347804016
191 1233.8682333630331
192 1207.891373701684
193 934.149821502296
194 934.149821502296
195 0.0
196 480.1189035756063
197 548.8151183178447
198 642.8605216873937
199 1406.1417710551111
200 503.9827304250879
201 484.62245374445627
202 239.84645327471867
203 0.0
204 79.01418983588147
205 0.0
206 0.0
207 0.0
208 0.0
209 582.0606105635553
210 373.45116429147095
211 689.9600465859963
212 608.4077039454816
213 859.0714244223834
214 217.9165683723253
215 129.06040468426656
216 733.0053427093445
217 792.4401450313637
218 685.9045137288755
219 1685.6870447598105
220 297.3681842776642
221 0.0
222 150.2607833830001
223 258.76140215008536
224 0.0
225 1150.7600007907909
226 0.0
227 653.6365708935688
228 0.0
229 49.210138706409815
230 49.74515353443623
231 320.70081001996977
232 53.76508751955107
233 467.1408801085895
234 47.74663035878095
235 786.1427260925195
236 1038.4815429914743
237 29.006913667452128
238 1003.8700423516439
239 154.51427619570103
240 580.4239069191646
241 394.76670785530405
242 511.8386910157255
243 205.26938542117122
244 666.7024839758096
245 505.61858861063627
246 403.4752372900658
247 0.0
248 395.7716785901881
249 124.35807219648132
250 386.809297055734
251 1117.9735330301817
252 109.52695492232995
253 47.74663035878095
254 286.73831307291914
255 570.331271425711
256 608.0983637614564
257 0.0
258 180.97582578878735
259 786.4991218133338
260 459.13852075161725
261 627.5926208377268
262 0.0
263 792.473569433822
264 170.16993801354434
265 47.74663035878095
266 0.0
267 608.0983637614564
268 0.0
269 938.933987454248
270 516.1624932642776
271 1258.3699254340906
272 674.0047930578056
273 252.3388168989548
274 53.76508751955107
275 209.55126344367554
276 167.0723904134987
277 320.6310667617839
278 727.7430425711626
279 0.0
280 672.7208918511199
281 949.8025762733189
282 657.0525678842681
283 364.15231608024874
284 356.89916995105574
285 217.91023463834964
286 786.687984553203
287 90.60527238225826
288 0.0
289 349.6115658292873
290 349.6115658292873
291 90.60527238225826
292 679.417056884518
293 1377.507863412289
294 1811.3712553107348
295 627.4373835007027
296 1481.1578223557258
297 657.0525678842681
298 0.0
299 899.1879229464776
300 0.0
301 592.2797412589376
302 315.83783763399526
303 1236.9887483488367
304 842.9480664950634
305 1147.7793593472375
306 381.742727904346
307 562.0063731100346
308 341.1279515978656
309 529.5135755322847
310 0.0
311 0.0
312 944.455378205408
313 0.0
314 897.4819352046057
315 1150.7600007907909
316 402.83954957990767
317 535.7858306774128
318 1509.1887571214957
319 347.3360356191875
320 0.0
321 1645.0486021571912
322 54.71663694563704
323 349.6115658292873
324 1360.9678220192884
325 457.99484554530704
326 0.0
327 171.9715378755141
328 613.5887480660434
329 0.0
330 356.89916995105574
331 0.0
332 1215.4277621506842
333 286.92270207771395
334 878.7777537601622
335 871.129345269507
336 1484.7722958433976
337 209.31571027040496
338 1589.505420415761
339 886.6460253022448
340 0.0
341 280.76493774205187
342 267.2797523476162
343 597.3883642924396
344 1284.1838008810626
345 0.0
346 822.9262799981814
347 728.2865479024031
348 1005.1180305648973
349 539.0251086069256
350 252.3388168989548
351 690.1615289980365
352 252.3388168989548
353 104.07181058815218
354 806.4985633408772
355 667.5046269567326
356 473.3228506587095
357 1298.4332794356892
358 239.7454788488595
359 627.5926208377268
360 1409.744418312571
361 889.5059112598188
362 1176.485922450468
363 843.8163342024773
364 508.9521596288332
365 339.06266669695316
366 1131.437086547593
367 1043.585097136556
368 444.40638159992415
369 0.0
370 1253.498358710656
371 0.0
372 1000.7803620630559